0,439
0,438
0,437
0,436
0,435
0,434
0,433
0,432
0,431
0,430
0,429
0,428
0,427
0,426
0,425
0,424
0,423
27,2
0,422
0,421
0,420
0,419
0,418
0,417
0,416
0,415
0,414
28,2
0,413
0,412
0,411
0,410
0,409
0,408
0,407
0,406
0,405
0,404
0,403
0,402
0,401
0,400
0,399
0,398
0,397
0,396
0,395
0,394
0,393
0,392
0,391
0,390
27,4
0,389
0,388
0,387
0,386
30,52
30,51
30,50
30,49
30,48
30,47
30,46
30,45
30,44
30,43
30,42
30,41
30,40
30,39
30,38
30,37
30,36
24,2
28,1
28,3
24,1
24,3
27,1
27,3
0,273
0,270
30,35
3,2
10,26
10,10
10,66
10,148
10,164
10,2
10,3
11,14
11,10
11,12
11,2
11,3
9,4
9,6
9,2
9,3
8,11
8,6
8,2
8,3
12,2
12,1
12,3
20,2
20,1
20,3
19,2
19,1
19,3
18,1
18,3
2,2
2,1
2,3
11,27
11,26
11,25
11,24
11,23
11,22
11,21
11,20
11,1
11,19
10,309
